
;; This file is generated by gh2/run/xboxlive/make_songpack.py
;; Do not edit this file directly
;;; sike :marf:


(allalone (23065 52540 86586 102609))
(allday (29246 38091 63945 74595))
(alloveryou (26160 55157 92235 127847))
(baseline (25566 43945 58809 67984))
(blacktongue (37581 68610 91660 104014))
(bombtrack (19417 36822 57854 84075))
(brianstorm (23530 42930 64869 85005))
(burn (54651 99264 148157 177966))
(chopsuey (39438 59688 97944 126247))
(codemonkey (23736 58611 88014 94594))
(comeon (16254 33263 38597 55340))
(crawl (28002 47938 77207 109253))
(deathmental (26535 55493 96229 148556))
(debaser (30586 38435 81447 88619))
(december (30618 55148 88360 109650))
(deepshift (16100 30374 57286 171686))
(dimension (30541 60305 77962 84018))
(dopenose (45478 62948 75620 82070))
(dreamhouse (68420 235936 410116 714303))
(endorphin (33514 68504 96021 114821))
(finder (22567 50861 81474 107386))
(girlslikeyou (30142 58565 79971 93142))
(greengrass (102527 161935 219220 298708))
(imtheone (45923 70306 90504 123085))
(iwontforget (28831 52729 91618 129618))
(jade (43112 82285 120209 143481))
(lune (62383 93133 124563 148601))
(mama (17175 37873 56143 69027))
(maps (23437 28787 48393 57265))
(monster (24630 55153 88240 114831))
(musclemuseum (30531 55876 75936 86622))
(passport (17213 23728 33954 39504))
(periloustime (27281 52337 64908 66226))
(push (27819 65094 83985 98136))
(retribution (44367 71818 106623 128544))
(revodeath (76395 153689 251578 347035))
(soulsforsale (10800 26500 33500 45500))
(station (14837 45273 68276 79060))
(substitution (37115 74742 102995 117442))
(subterrain (34982 60605 74853 93121))
(sunshineofyourlove (44836 63443 79745 84996))
(takeoutthetrash (19410 55788 77374 87327))
(takethislife (20500 50950 104783 174933))
(tomsawyer (34055 46919 67248 79856))
(trappedunderice (63272 94703 127802 160751))
(venturahighway (33419 79194 101528 130227))
(veryape (19113 44439 61569 74959))
(understood (23504 40227 58390 67597))
(warensemble (25854 62619 107500 209437))
(warofthegods (35850 85225 157200 196840))
(wedieyoung (19437 35354 60112 78581))
(whygo (24781 40124 70380 100542))
(witchhunting (23737 54014 73662 97580))
(xlr8r (19300 46520 59408 63363))



